Input: 2 3 1 2 3 4 5 6

Row-major order:
1 2 3 
4 5 6 

Column-major order:
1 3 5 
2 4 6 

-------------------------------------------------------------------
Input: 5 4 1 2 3 4 5 6 7 8 9 10 11 12 13 14 15 16 17 18 19 20

Row-major order:
1 2 3 4 
5 6 7 8 
9 10 11 12 
13 14 15 16 
17 18 19 20 

Column-major order:
1 6 11 16 
2 7 12 17 
3 8 13 18 
4 9 14 19 
5 10 15 20 

-------------------------------------------------------------------
Input: 4 4 1 2 3 4 5 6 7 8

Row-major order:
1 2 3 4 
5 6 7 8 
875634739 540356896 824194609 942743607 
540619040 12338 402653208 18613 

Column-major order:
1 5 875634739 540619040 
2 6 540356896 12338 
3 7 824194609 402653208 
4 8 942743607 18613 

-------------------------------------------------------------------
Input: 1 7 1 2 3 4 5 6 7

Row-major order:
1 2 3 4 5 6 7 

Column-major order:
1 2 3 4 5 6 7 

-------------------------------------------------------------------
Input: 5 1 1 2 3 4 5

Row-major order:
1 
2 
3 
4 
5 

Column-major order:
1 
2 
3 
4 
5 

-------------------------------------------------------------------
Input: 2 2 1 2 3 4

Row-major order:
1 2 
3 4 

Column-major order:
1 3 
2 4 

-------------------------------------------------------------------
